1 0
1 -1
2 -1
2 -2
3 -2
3 -3
4 -3
4 -4
5 -4
5 -5
6 -5
6 -6
7 -6
7 -7
8 -7
9 -7
9 -8
10 -8
11 -8
11 -9
12 -9
13 -9
14 -9
15 -9
15 -10
16 -10
17 -10
18 -10
19 -10
20 -10
21 -10
22 -10
23 -10
24 -10
25 -10
26 -10
27 -10
28 -10
29 -10
30 -10
31 -10
32 -10
33 -10
34 -10
35 -10
36 -10
37 -10
38 -10
39 -10
40 -10
41 -10
42 -10
43 -10
44 -10
45 -10
46 -10
46 -11
47 -11
48 -11
49 -11
50 -11
51 -11
52 -11
53 -11
54 -11
55 -11
55 -12
56 -12
57 -12
58 -12
59 -12
60 -12
61 -12
61 -13
62 -13
63 -13
64 -13
65 -13
66 -13
67 -13
68 -13
68 -14
69 -14
70 -14
71 -14
72 -14
73 -14
74 -14
74 -15
75 -15
76 -15
77 -15
78 -15
79 -15
80 -15
81 -15
81 -16
82 -16
83 -16
84 -16
85 -16
86 -16
87 -16
88 -16
89 -16
90 -16
91 -16
92 -16
93 -16
94 -16
95 -16
95 -17
96 -17
97 -17
98 -17
99 -17
100 -17
101 -17
102 -17
103 -17
103 -18
104 -18
105 -18
106 -18
107 -18
108 -18
109 -18
110 -18
111 -18
112 -18
113 -18
114 -18
115 -18
116 -18
117 -18
118 -18
119 -18
119 -19
120 -19
121 -19
122 -19
123 -19
124 -19
125 -19
126 -19
127 -19
128 -19
129 -19
130 -19
131 -19
132 -19
133 -19
134 -19
135 -19
136 -19
137 -19
138 -19
139 -19
140 -19
141 -19
142 -19
143 -19
144 -19
145 -19
146 -19
147 -19
148 -19
149 -19
150 -19
151 -19
152 -19
153 -19
154 -19
155 -19
156 -19
157 -19
158 -19
159 -19
160 -19
160 -20
161 -20
162 -20
163 -20
164 -20
165 -20
166 -20
167 -20
168 -20
169 -20
170 -20
171 -20
172 -20
173 -20
174 -20
175 -20
176 -20
177 -20
178 -20
179 -20
180 -20
181 -20
182 -20
183 -20
184 -20
185 -20
186 -20
187 -20
188 -20
189 -20
190 -20
191 -20
192 -20
193 -20
194 -20
195 -20
196 -20
197 -20
198 -20
199 -20
200 -20
201 -20
202 -20
203 -20
204 -20
205 -20
206 -20
207 -20
208 -20
209 -20
210 -20
211 -20
212 -20
213 -20
214 -20
215 -20
216 -20
217 -20
218 -20
219 -20
220 -20
221 -20
221 -21
221 -22
221 -23
221 -24
221 -25
221 -26
221 -27
221 -28
221 -29
221 -30
221 -31
221 -32
221 -33
221 -34
221 -35
221 -36
221 -37
221 -38
221 -39
221 -40
221 -41
221 -42
221 -43
221 -44
221 -45
221 -46
221 -47
221 -48
220 -48
220 -49
220 -50
220 -51
220 -52
220 -53
220 -54
219 -54
219 -55
219 -56
219 -57
219 -58
219 -59
219 -60
219 -61
219 -61
219 -62
219 -63
219 -64
219 -65
219 -66
219 -67
219 -68
219 -69
219 -70
219 -71
219 -71
219 -72
219 -73
219 -74
219 -75
219 -76
219 -77
219 -78
219 -79
219 -80
219 -81
219 -81
219 -82
219 -83
219 -84
219 -85
219 -86
219 -87
219 -88
219 -89
219 -90
219 -91
219 -92
219 -93
219 -94
219 -95
219 -96
219 -97
219 -98
219 -99
219 -100
219 -101
219 -102
219 -103
219 -104
219 -105
219 -106
219 -107
219 -108
219 -109
219 -110
219 -111
219 -112
219 -113
220 -113
220 -114
220 -115
220 -116
220 -117
220 -118
220 -119
220 -120
220 -121
220 -122
220 -123
220 -124
220 -125
220 -126
220 -127
220 -128
221 -128
221 -129
221 -130
221 -131
221 -132
221 -133
221 -134
221 -135
222 -135
222 -136
222 -137
222 -138
222 -139
222 -140
222 -141
222 -142
222 -143
222 -144
222 -145
222 -146
222 -147
222 -148
222 -149
222 -150
222 -151
222 -152
222 -153
222 -154
222 -155
222 -156
222 -157
222 -158
222 -159
222 -160
222 -161
222 -162
222 -163
222 -164
222 -165
222 -166
222 -167
222 -168
222 -169
222 -170
222 -171
222 -172
222 -173
222 -174
222 -175
222 -176
222 -177
222 -178
223 -178
224 -178
225 -178
226 -178
227 -178
228 -178
229 -178
230 -178
231 -178
232 -178
233 -178
234 -178
235 -178
236 -178
237 -178
238 -178
239 -178
240 -178
241 -178
242 -178
243 -178
244 -178
245 -178
246 -178
247 -178
248 -178
249 -178
250 -178
251 -178
252 -178
253 -178
254 -178
255 -178
256 -178
257 -178
258 -178
259 -178
260 -178
261 -178
262 -178
263 -178
264 -178
265 -178
266 -178
267 -178
268 -178
269 -178
270 -178
271 -178
272 -178
273 -178
274 -178
275 -178
276 -178
277 -178
278 -178
279 -178
280 -178
281 -178
282 -178
283 -178
284 -178
285 -178
286 -178
287 -178
288 -178
289 -178
290 -178
291 -178
292 -178
293 -178
294 -178
295 -178
296 -178
297 -178
298 -178
299 -178
300 -178
301 -178
302 -178
303 -178
304 -178
305 -178
306 -178
307 -178
307 -179
308 -179
309 -179
310 -179
311 -179
312 -179
313 -179
314 -179
315 -179
316 -179
317 -179
318 -179
319 -179
320 -179
321 -179
322 -179
323 -179
324 -179
325 -179
326 -179
327 -179
328 -179
329 -179
330 -179
331 -179
332 -179
333 -179
334 -179
335 -179
336 -179
337 -179
338 -179
339 -179
340 -179
341 -179
342 -179
343 -179
344 -179
345 -179
346 -179
347 -179
348 -179
349 -179
350 -179
351 -179
352 -179
353 -179
353 -180
354 -180
355 -180
356 -180
357 -180
358 -180
359 -180
360 -180
361 -180
362 -180
363 -180
363 -181
364 -181
365 -181
366 -181
367 -181
368 -181
369 -181
370 -181
371 -181
372 -181
373 -181
374 -181
375 -181
376 -181
377 -181
378 -181
378 -182
379 -182
380 -182
381 -182
382 -182
383 -182
384 -182
385 -182
386 -182
387 -182
388 -182
389 -182
390 -182
391 -182
392 -182
393 -182
394 -182
395 -182
395 -181
395 -180
395 -179
395 -178
395 -177
395 -176
395 -175
395 -174
395 -173
395 -172
395 -171
395 -170
394 -170
394 -169
394 -168
394 -167
394 -166
394 -165
394 -164
393 -164
393 -163
393 -162
393 -161
393 -160
393 -159
393 -158
393 -157
393 -156
393 -155
393 -154
393 -153
393 -152
392 -152
392 -151
392 -150
392 -149
392 -148
392 -147
392 -146
392 -145
392 -144
392 -143
392 -142
392 -141
392 -140
392 -139
392 -138
392 -137
392 -136
392 -135
392 -134
392 -133
392 -132
392 -131
392 -130
392 -129
392 -128
392 -127
392 -126
392 -125
392 -124
392 -123
392 -122
392 -121
392 -120
392 -119
393 -119
393 -118
393 -117
393 -116
393 -115
393 -114
393 -113
393 -112
393 -111
393 -110
393 -109
394 -109
394 -108
394 -107
394 -106
394 -105
394 -104
394 -103
394 -102
394 -101
394 -100
394 -99
394 -98
394 -97
394 -96
394 -95
394 -94
394 -93
394 -92
394 -91
395 -91
395 -90
395 -89
395 -88
395 -87
395 -86
395 -85
395 -84
396 -84
396 -83
396 -82
396 -81
396 -80
396 -79
396 -78
396 -77
396 -76
397 -76
397 -75
397 -74
397 -73
397 -72
397 -71
397 -70
398 -70
398 -69
398 -68
398 -67
398 -66
398 -65
398 -64
398 -63
398 -62
398 -61
399 -61
399 -60
399 -59
399 -58
399 -57
399 -56
399 -55
400 -55
400 -54
400 -53
400 -52
400 -51
400 -50
400 -49
400 -48
400 -47
400 -46
400 -45
400 -44
401 -44
401 -43
401 -42
401 -41
401 -40
401 -39
402 -39
402 -38
402 -37
402 -36
402 -35
402 -34
403 -34
403 -33
403 -32
403 -31
403 -30
404 -30
404 -29
404 -28
404 -27
404 -26
404 -25
404 -24
404 -23
405 -23
405 -22
405 -21
405 -20
405 -19
405 -18
406 -18
406 -17
406 -16
406 -15
406 -14
406 -13
406 -12
406 -11
406 -10
406 -9
407 -9
407 -8
407 -7
407 -6
407 -5
407 -4
407 -3
407 -2
408 -2
408 -1
408 0
409 0
410 0
411 0
412 0
413 0
414 0
415 0
416 0
417 0
418 0
419 0
420 0
421 0
422 0
422 -1
423 -1
424 -1
425 -1
426 -1
427 -1
428 -1
429 -1
430 -1
431 -1
432 -1
433 -1
434 -1
435 -1
436 -1
437 -1
438 -1
438 -2
439 -2
440 -2
441 -2
442 -2
443 -2
444 -2
445 -2
446 -2
447 -2
448 -2
449 -2
450 -2
451 -2
452 -2
453 -2
454 -2
455 -2
456 -2
457 -2
458 -2
459 -2
460 -2
461 -2
462 -2
462 -3
463 -3
464 -3
465 -3
466 -3
467 -3
468 -3
469 -3
470 -3
471 -3
472 -3
473 -3
474 -3
475 -3
476 -3
477 -3
478 -3
479 -3
480 -3
481 -3
482 -3
483 -3
484 -3
485 -3
486 -3
487 -3
488 -3
489 -3
490 -3
491 -3
492 -3
493 -3
494 -3
495 -3
496 -3
497 -3
498 -3
499 -3
500 -3
501 -3
502 -3
503 -3
504 -3
505 -3
506 -3
507 -3
508 -3
509 -3
510 -3
511 -3
512 -3
513 -3
514 -3
515 -3
516 -3
517 -3
518 -3
519 -3
520 -3
521 -3
522 -3
523 -3
524 -3
525 -3
526 -3
527 -3
528 -3
529 -3
530 -3
531 -3
532 -3
533 -3
534 -3
535 -3
536 -3
537 -3
538 -3
539 -3
540 -3
541 -3
542 -3
543 -3
544 -3
545 -3
546 -3
547 -3
548 -3
549 -3
550 -3
551 -3
552 -3
553 -3
554 -3
555 -3
556 -3
557 -3
558 -3
559 -3
560 -3
561 -3
562 -3
563 -3
564 -3
565 -3
565 -4
566 -4
567 -4
568 -4
569 -4
570 -4
571 -4
572 -4
573 -4
574 -4
575 -4
576 -4
577 -4
578 -4
579 -4
580 -4
581 -4
582 -4
583 -4
584 -4
585 -4
586 -4
587 -4
588 -4
589 -4
590 -4
591 -4
592 -4
593 -4
594 -4
595 -4
596 -4
597 -4
598 -4
599 -4
600 -4
601 -4
602 -4
603 -4
604 -4
605 -4
606 -4
607 -4
608 -4
608 -5
608 -6
608 -7
608 -8
608 -9
608 -10
608 -11
608 -12
608 -13
609 -13
609 -14
609 -15
609 -16
609 -17
609 -18
609 -19
609 -20
609 -21
609 -22
609 -23
609 -24
609 -25
609 -26
609 -27
609 -28
609 -29
609 -30
609 -31
609 -32
609 -33
609 -34
609 -34
609 -35
609 -36
609 -37
609 -38
609 -39
608 -39
608 -40
608 -41
608 -42
608 -43
608 -44
608 -45
608 -45
608 -46
608 -47
608 -48
608 -49
608 -50
608 -51
608 -52
608 -53
608 -54
608 -55
607 -55
607 -56
607 -57
607 -58
607 -59
607 -60
607 -61
607 -62
607 -63
607 -64
607 -65
607 -66
607 -67
607 -68
607 -69
607 -70
607 -71
607 -72
607 -73
607 -74
607 -75
607 -76
607 -77
607 -78
607 -79
607 -80
607 -81
608 -81
608 -82
608 -83
608 -84
608 -85
608 -86
609 -86
609 -87
609 -88
609 -89
609 -90
609 -91
609 -92
609 -93
609 -94
609 -95
609 -96
610 -96
610 -97
610 -98
610 -99
610 -100
610 -101
610 -102
610 -103
610 -104
610 -105
610 -106
610 -107
610 -108
610 -109
610 -110
610 -111
610 -112
610 -113
610 -114
610 -115
610 -116
610 -117
610 -118
610 -119
610 -120
610 -121
610 -122
610 -123
611 -123
611 -124
611 -125
611 -126
611 -127
611 -128
611 -129
611 -130
611 -131
611 -132
611 -133
611 -134
611 -135
611 -136
611 -137
611 -138
611 -139
611 -140
611 -141
611 -142
611 -143
611 -144
611 -145
611 -146
611 -147
611 -148
611 -149
611 -150
611 -151
611 -152
611 -153
611 -154
611 -155
611 -156
611 -157
611 -158
611 -159
611 -160
611 -161
611 -162
611 -163
611 -164
611 -165
611 -166
611 -167
611 -168
611 -169
611 -170
611 -171
611 -172
611 -173
611 -174
611 -175
611 -176
611 -177
611 -178
611 -179
611 -180
611 -181
611 -182
611 -183
611 -184
611 -185
611 -186
611 -187
611 -188
611 -189
611 -190
611 -191
611 -192
611 -193
611 -194
611 -195
611 -196
612 -196
613 -196
614 -196
615 -196
616 -196
617 -196
618 -196
619 -196
620 -196
621 -196
622 -196
623 -196
624 -196
625 -196
626 -196
627 -196
628 -196
629 -196
630 -196
631 -196
632 -196
633 -196
634 -196
635 -196
636 -196
637 -196
638 -196
639 -196
640 -196
641 -196
642 -196
642 -195
643 -195
644 -195
645 -195
646 -195
647 -195
648 -195
649 -195
650 -195
651 -195
652 -195
653 -195
654 -195
655 -195
656 -195
657 -195
658 -195
659 -195
660 -195
661 -195
662 -195
663 -195
664 -195
665 -195
666 -195
667 -195
668 -195
669 -195
670 -195
671 -195
672 -195
673 -195
674 -195
675 -195
676 -195
677 -195
678 -195
679 -195
680 -195
681 -195
681 -194
682 -194
683 -194
684 -194
685 -194
686 -194
687 -194
688 -194
689 -194
690 -194
690 -193
691 -193
692 -193
693 -193
694 -193
695 -193
696 -193
697 -193
698 -193
699 -193
700 -193
701 -193
702 -193
703 -193
704 -193
705 -193
706 -193
707 -193
708 -193
709 -193
710 -193
711 -193
712 -193
713 -193
714 -193
715 -193
716 -193
717 -193
718 -193
719 -193
720 -193
721 -193
722 -193
723 -193
724 -193
725 -193
726 -193
727 -193
728 -193
729 -193
730 -193
731 -193
732 -193
733 -193
734 -193
735 -193
736 -193
737 -193
738 -193
739 -193
740 -193
741 -193
742 -193
743 -193
744 -193
745 -193
746 -193
747 -193
748 -193
749 -193
750 -193
751 -193
752 -193
753 -193
754 -193
755 -193
756 -193
757 -193
758 -193
759 -193
760 -193
761 -193
762 -193
763 -193
764 -193
765 -193
766 -193
767 -193
768 -193
769 -193
770 -193
771 -193
772 -193
773 -193
774 -193
775 -193
776 -193
777 -193
778 -193
779 -193
780 -193
781 -193
782 -193
783 -193
784 -193
785 -193
785 -194
786 -194
787 -194
788 -194
789 -194
790 -194
791 -194
792 -194
793 -194
794 -194
795 -194
796 -194
797 -194
798 -194
799 -194
800 -194
800 -195
801 -195
802 -195
803 -195
804 -195
805 -195
805 -196
806 -196
806 -195
806 -194
806 -193
805 -193
805 -192
805 -191
804 -191
804 -190
804 -189
804 -188
803 -188
803 -187
803 -186
803 -185
802 -185
802 -184
802 -183
802 -182
801 -182
801 -181
801 -180
800 -180
800 -179
800 -178
800 -177
800 -176
799 -176
799 -175
799 -174
799 -173
799 -172
799 -171
799 -170
798 -170
798 -169
798 -168
798 -167
798 -166
798 -165
798 -164
798 -163
798 -162
798 -161
798 -160
798 -159
798 -158
798 -157
798 -156
798 -155
798 -154
798 -153
798 -152
798 -151
798 -150
798 -149
798 -148
798 -147
798 -146
798 -145
798 -144
798 -143
798 -142
798 -141
798 -140
798 -139
798 -138
798 -137
798 -136
798 -135
798 -134
798 -133
798 -132
798 -131
798 -130
798 -129
798 -128
798 -127
798 -126
798 -125
798 -124
798 -123
799 -123
799 -122
799 -121
799 -120
799 -119
799 -118
799 -117
799 -116
800 -116
800 -115
800 -114
800 -113
800 -112
800 -111
800 -110
800 -109
800 -108
800 -107
800 -106
800 -105
